1000
118 0
210 0
29 1
857 0
214 2
765 0
582 3
196 0
76 8
379 3
143 10
856 6
203 12
99 2
571 5
424 9
313 4
714 14
689 4
987 12
924 15
626 19
750 5
648 10
523 18
371 3
43 7
337 6
302 1
410 14
473 2
304 23
520 19
159 0
474 5
659 1
185 18
460 19
506 23
409 28
973 18
333 29
347 7
720 27
597 29
863 10
139 13
375 1
519 19
42 15
253 29
708 9
492 49
632 51
59 8
386 9
328 22
132 11
116 43
795 11
977 8
881 16
266 17
451 3
381 64
525 15
886 10
834 4
946 28
296 33
281 15
820 39
448 53
136 16
188 1
990 6
478 22
590 71
866 39
705 13
709 80
783 30
256 21
905 58
653 57
553 50
854 52
464 82
303 73
384 89
351 7
696 8
241 84
730 42
169 83
412 83
183 81
119 40
318 68
551 83
450 13
923 100
297 78
301 101
361 10
88 88
634 29
556 77
600 43
888 49
269 63
959 65
138 65
968 77
615 106
860 75
500 61
682 75
35 104
809 62
848 120
746 117
622 19
995 50
81 107
419 79
52 103
150 112
286 27
779 126
477 80
799 59
831 116
245 37
277 66
316 91
824 81
73 113
385 20
907 130
108 87
178 51
103 54
175 40
247 138
575 139
686 29
486 135
699 87
487 137
835 50
9 46
984 15
207 20
248 148
994 46
56 15
469 88
130 109
369 154
859 14
211 127
72 12
985 109
554 11
738 68
49 121
13 134
517 54
497 41
736 89
458 24
584 33
679 32
828 68
428 105
624 175
963 50
703 30
925 9
853 44
355 157
129 32
100 162
496 68
265 108
785 110
134 164
436 150
364 91
282 41
415 70
398 125
380 23
718 165
400 138
650 170
732 3
814 152
884 87
631 77
151 138
200 123
413 31
878 63
562 136
164 204
403 29
743 97
810 28
275 88
505 125
728 99
954 175
691 205
667 120
642 37
216 143
652 147
549 158
794 180
276 72
744 103
438 63
540 75
695 221
873 166
630 180
3 15
539 198
526 68
252 49
205 140
589 112
107 197
195 138
437 209
187 54
370 25
167 32
122 181
911 3
237 143
423 56
121 154
997 5
649 150
992 34
664 131
789 110
704 214
596 209
86 112
10 251
157 2
536 144
637 216
148 128
63 57
452 117
299 30
184 248
430 237
217 46
208 150
713 197
260 92
775 31
534 231
898 258
180 177
901 164
168 234
701 126
356 146
467 21
801 172
897 95
218 121
893 143
930 166
904 17
402 178
95 73
96 187
382 139
943 198
236 4
917 115
958 108
257 48
737 111
418 242
227 75
226 164
152 47
972 296
578 154
872 54
315 252
156 193
981 287
120 257
206 255
431 18
607 10
439 22
710 227
764 298
287 137
240 293
31 169
298 66
773 86
349 110
895 195
561 218
110 69
285 67
621 87
565 39
352 191
916 309
221 321
735 146
567 197
209 114
377 19
334 70
479 269
681 224
757 168
602 307
712 5
58 314
335 184
57 217
174 131
620 94
163 300
41 244
457 304
354 312
258 186
669 135
542 215
363 250
459 197
932 250
694 305
324 250
537 66
288 328
527 68
307 344
11 101
544 265
406 203
342 194
559 69
367 241
944 147
387 226
396 46
693 277
778 6
141 60
446 144
722 280
929 230
408 83
747 127
224 29
493 297
395 374
988 178
538 11
851 295
294 206
909 57
440 42
71 161
476 334
685 128
971 300
791 0
391 193
827 83
645 325
628 275
161 143
777 118
181 215
850 45
605 325
839 187
33 377
926 355
969 61
868 368
112 312
201 387
511 128
823 257
967 138
491 290
322 35
131 199
278 103
444 366
541 202
608 395
359 333
21 381
838 308
67 76
26 146
861 306
753 412
271 369
797 178
235 330
871 360
935 317
922 343
225 393
975 274
612 91
213 227
891 169
449 111
166 369
962 336
24 350
528 91
510 112
106 332
606 226
513 10
338 218
115 159
279 289
173 352
229 376
441 146
552 425
804 15
83 72
443 404
46 82
683 83
585 27
906 136
833 6
964 287
263 351
792 189
928 47
482 385
14 405
766 312
75 460
45 209
429 149
267 448
918 187
165 152
242 155
760 69
433 386
499 98
762 169
882 266
346 302
563 418
91 429
782 132
595 230
524 355
376 278
883 424
417 250
570 143
613 417
647 194
640 371
222 368
655 146
796 53
665 144
98 56
581 385
991 227
577 447
558 470
675 265
938 156
780 312
822 479
305 186
767 97
366 346
80 489
616 425
471 494
147 497
580 386
543 73
25 173
741 159
625 101
484 392
16 136
20 40
761 290
776 358
291 216
759 166
557 495
453 65
102 406
319 513
230 205
724 483
399 48
986 370
627 502
852 282
454 266
389 306
727 96
480 175
927 267
470 265
768 365
149 260
949 88
65 200
855 145
826 363
104 221
936 154
547 37
179 254
133 208
44 198
404 210
146 541
485 140
47 335
829 332
489 408
950 156
332 370
913 426
514 423
308 388
82 125
978 257
39 124
619 465
89 235
295 247
862 170
800 562
555 529
754 306
254 412
599 374
940 33
280 555
155 347
825 566
30 561
90 426
953 408
251 467
890 570
715 24
666 134
588 161
781 499
755 13
126 298
711 59
306 463
8 444
518 395
191 388
841 264
426 33
516 561
763 241
490 575
264 326
109 29
358 330
931 53
246 575
573 594
270 349
234 600
18 601
117 515
674 350
323 363
700 39
532 412
268 412
204 395
425 299
574 564
837 529
51 116
38 257
255 360
811 82
378 536
515 356
34 294
568 80
970 305
598 80
405 406
661 370
199 450
548 569
5 529
111 48
494 80
40 226
127 222
876 412
488 52
914 435
158 554
262 281
360 540
874 35
807 199
427 625
808 273
300 78
293 322
819 352
729 315
272 573
177 591
671 141
920 401
758 7
960 502
390 551
643 90
6 102
261 525
947 650
880 320
84 469
231 58
726 65
843 19
445 331
15 128
641 583
635 442
77 628
317 102
244 441
314 123
170 163
123 166
19 374
945 580
879 481
550 341
721 564
17 386
821 649
79 173
113 639
397 565
55 117
198 69
463 456
320 471
69 137
788 7
12 156
942 530
160 386
912 57
793 153
70 310
576 560
434 518
739 614
579 390
980 256
421 542
162 696
530 326
357 391
455 124
274 247
368 184
233 518
176 537
654 542
774 336
172 501
189 460
629 520
190 317
769 192
864 229
678 578
420 221
535 110
910 43
618 307
894 542
611 235
867 201
847 663
601 3
311 214
92 362
993 436
223 299
896 415
802 612
603 188
787 163
154 284
617 690
952 459
903 319
212 295
858 616
238 564
870 225
345 144
784 240
921 321
719 435
521 697
742 590
587 291
462 235
372 481
394 486
62 640
979 159
114 208
125 557
740 477
27 425
442 418
560 217
343 694
680 227
638 514
321 49
836 17
919 299
592 210
668 529
937 188
93 729
966 204
250 676
74 3
219 451
202 144
636 329
716 736
790 755
772 457
813 127
503 749
87 100
105 516
593 165
657 168
965 185
989 470
432 118
806 538
842 712
877 523
698 776
999 88
330 36
752 148
663 228
365 725
591 649
388 785
60 129
734 242
604 598
383 742
466 583
832 625
849 285
329 3
564 107
50 780
4 66
512 79
327 579
803 294
461 646
956 661
658 665
325 49
197 162
140 726
53 582
447 102
239 64
411 697
957 56
660 22
677 670
407 797
672 756
54 601
193 536
961 395
614 160
770 413
846 505
908 813
284 306
786 136
1 509
182 823
941 60
228 453
483 30
171 288
283 238
706 691
362 571
566 378
844 273
892 319
194 34
192 242
586 100
670 37
771 662
243 543
531 188
344 821
94 723
22 707
815 333
101 703
998 273
128 574
933 64
435 511
97 484
569 86
135 371
633 646
900 447
456 665
731 397
145 674
748 414
688 134
684 485
818 159
353 73
533 60
472 309
546 52
817 61
508 874
610 608
392 500
124 689
501 373
697 836
422 491
220 201
865 635
144 637
733 319
273 488
639 98
583 233
292 306
153 215
889 760
259 249
939 624
186 593
85 670
336 390
495 684
522 877
976 414
572 54
915 204
468 350
902 64
869 905
702 104
983 220
2 425
609 881
982 802
348 556
646 265
309 855
232 540
475 406
644 123
331 901
725 478
393 5
885 304
373 148
749 917
656 299
955 88
887 502
948 527
416 516
545 776
707 330
805 830
142 456
623 706
692 166
509 125
687 605
28 734
717 568
137 356
64 889
312 158
662 728
951 886
673 392
414 22
68 149
830 64
66 926
37 131
840 235
7 818
676 290
36 806
350 581
651 867
974 424
934 541
61 318
529 210
899 203
798 867
502 310
289 204
756 179
481 769
465 506
816 42
78 166
326 71
812 274
339 434
690 195
290 741
215 960
723 810
504 226
996 277
594 113
341 189
1000 155
498 779
23 35
745 391
374 825
401 605
507 317
310 691
751 451
48 619
32 688
875 253
249 0
340 377
845 535
